0
0
0
0
0
0
0
0
0
0
0
0
0
0
0
0
0
0
0
0
0
0
0
0
0
0
0
0
0
0
0
0
0
0
0
0
0
0
0
0
0
0
0
0
0
0
0
0
0
0
0
0
0
0
0
0
0
0
0
0
0
0
0
0
0
0
0
0
0
0
0
0
0
0
0
0
0
0
0
0
0
0
0
0
0
0
0
0
0
0
0
0
0
0
0
0
0
0
0
0
0
0
0
0
0
0
0
0
0
0
0
0
0
0
0
0
0
0
0
0
0
0
0
0
0
0
0
0
0
0
0
0
0
0
0
0
0
0
0
0
0
0
0
0
0
0
0
0
0
0
0
0
0
0
0
0
0
0
0
0
0
0
0
0
0
0
0
0
0
0
0
0
0
0
0
0
0
0
0
0
0
0
0
0
0
0
0
0
0
0
0
0
0
0
0
0
0
0
0
0
0
0
0
0
0
0
0
0
0
0
0
0
0
0
0
0
0
0
0
0
0
0
0
0
0
0
0
0
0
0
0
0
0
0
0
0
0
0
0
0
0
0
0
0
0
0
0
0
0
0
0
0
0
0
0
0
0
0
0
0
0
0
0
0
0
0
0
0
0
0
0
0
0
0
0
0
0
0
0
0
0
0
0
0
0
0
0
0
0
0
0
0
0
0
0
0
0
0
0
0
0
0
0
0
0
0
0
0
0
0
0
0
0
0
0
0
0
0
0
0
0
0
0
0
0
0
0
0
0
1
0
0
0
0
0
0
0
0
0
0
1
1
0
1
1
1
2
3
0
2
0
2
2
1
3
3
1
1
2
0
2
0
4
2
3
4
3
9
6
6
7
6
8
8
13
10
9
11
7
14
13
19
16
25
23
21
24
22
29
32
27
40
42
41
58
52
63
69
53
71
80
87
91
84
94
125
94
114
107
126
122
131
127
147
160
141
151
160
193
161
170
202
183
169
171
184
198
189
206
196
189
199
170
206
217
199
162
201
194
200
194
201
181
176
201
170
172
221
184
174
162
156
162
140
182
157
153
163
150
164
159
132
150
146
128
128
134
126
101
152
123
115
129
104
114
116
110
114
93
91
115
102
105
113
80
115
107
100
88
95
74
84
78
98
82
74
81
59
64
74
67
98
68
78
74
52
65
54
74
62
52
77
80
64
55
81
47
42
64
57
64
52
59
56
53
56
50
53
59
44
50
53
63
48
59
49
56
51
52
48
49
43
55
43
43
43
55
43
45
28
44
37
39
51
35
41
39
37
42
41
37
46
37
42
27
37
42
38
36
30
39
37
35
33
27
39
31
34
21
32
37
21
33
19
23
28
18
22
22
21
22
24
28
32
23
20
24
17
26
24
19
14
15
22
26
23
21
21
20
25
20
17
16
21
21
20
24
22
27
12
21
9
11
9
8
15
14
18
15
16
13
10
17
17
15
16
16
12
13
17
18
14
13
9
14
15
11
14
8
22
10
9
13
8
12
13
7
17
12
12
9
14
14
17
8
9
9
10
9
11
10
6
5
12
9
11
10
11
5
12
4
10
5
6
12
7
3
6
8
5
1
9
9
5
3
5
9
7
1
8
6
6
5
10
8
7
9
5
4
14
4
5
11
4
5
6
5
3
4
6
5
5
3
4
7
6
5
6
2
7
10
6
3
5
8
7
6
7
7
5
4
5
3
2
8
8
5
4
5
3
1
4
2
6
9
5
2
2
4
2
6
1
2
3
3
3
3
2
8
5
1
3
3
3
3
8
7
4
1
6
5
4
1
7
4
4
0
6
5
4
7
2
3
4
3
2
3
4
5
2
3
2
4
2
3
3
2
2
2
3
4
2
3
2
3
2
4
2
1
1
7
2
2
3
2
2
0
2
4
2
3
2
4
6
1
4
2
2
4
4
5
2
2
1
1
1
2
1
2
1
1
3
1
3
4
3
0
1
1
3
0
1
2
2
1
3
1
6
1
1
0
2
1
2
2
0
2
3
2
1
2
3
1
2
1
3
0
0
2
2
2
2
2
1
5
0
1
1
3
1
4
3
1
1
1
1
0
0
1
0
3
3
1
3
1
1
1
0
4
1
0
0
1
3
1
1
2
2
2
0
1
2
2
1
1
1
3
1
2
0
0
1
2
2
0
0
1
0
0
1
2
2
1
1
2
2
2
2
1
1
1
0
0
1
0
0
0
0
1
0
0
1
1
1
0
3
1
1
3
1
1
0
1
1
0
0
0
2
2
1
0
0
0
0
1
0
2
0
0
0
0
0
1
1
0
0
0
0
1
1
1
0
1
1
1
0
0
1
1
0
0
2
1
0
1
0
1
0
0
2
1
0
0
0
1
0
0
0
1
0
0
2
0
0
0
1
0
0
0
2
0
1
0
1
0
1
0
1
1
0
0
0
1
0
0
1
0
0
0
0
2
0
1
1
1
1
0
1
0
0
1
0
0
3
0
0
2
0
0
0
1
0
0
3
0
0
0
1
0
0
1
0
0
0
1
0
0
0
1
0
1
0
0
1
0
0
0
1
0
0
0
1
0
1
0
0
0
0
0
0
0
0
0
0
2
0
1
0
0
0
0
0
0
0
0
0
0
0
0
1
0
1
0
0
0
0
0
0
0
0
0
0
0
1
1
0
0
0
0
0
2
0
1
0
1
1
0
1
2
1
0
2
0
1
2
1
2
1
0
0
1
0
0
1
0
0
1
1
1
2
2
1
2
2
1
0
1
2
0
0
1
2
1
0
1
2
2
2
1
0
3
3
1
1
1
2
0
2
0
3
3
4
4
1
3
1
6
1
5
4
1
3
3
0
3
1
3
4
3
4
5
4
5
2
3
1
1
1
0
4
4
5
6
4
2
3
3
3
3
3
3
3
2
6
3
5
5
6
5
5
3
4
2
8
2
1
1
4
6
5
4
4
6
12
9
13
8
5
6
8
5
7
7
10
8
12
10
4
6
15
8
12
5
8
12
3
11
7
11
6
13
6
12
12
7
15
10
9
8
13
19
8
11
17
12
11
12
9
10
15
14
14
14
16
14
15
10
22
12
16
12
15
23
20
22
24
23
29
29
23
29
18
20
20
11
22
24
15
21
23
12
19
29
19
22
24
18
26
22
24
23
32
31
28
32
27
26
30
35
29
29
26
26
38
34
29
31
32
33
40
40
29
33
34
42
21
48
32
38
52
29
47
32
51
33
36
50
47
51
44
55
41
51
42
46
37
43
69
44
43
53
45
53
52
61
57
48
46
68
51
62
61
58
61
70
53
61
58
60
64
63
65
59
61
59
55
62
69
74
80
62
69
66
64
74
72
62
81
72
75
48
75
71
74
80
76
66
78
85
82
74
79
84
76
69
79
85
80
64
77
56
82
77
81
60
92
81
74
97
77
78
81
94
94
92
76
89
107
95
90
84
87
88
81
91
96
99
89
108
92
79
90
95
103
85
83
107
73
93
97
108
81
88
93
92
97
103
97
104
115
80
96
93
103
92
102
98
101
96
99
119
106
103
100
84
94
107
99
89
91
91
108
103
103
88
85
103
104
110
114
87
82
75
115
99
117
105
93
91
101
103
119
108
105
95
95
112
108
94
104
88
105
106
98
98
96
100
94
96
119
108
108
100
111
111
98
86
87
90
100
108
90
97
100
88
91
108
105
84
83
106
101
104
91
110
92
100
112
75
97
90
101
92
85
103
105
100
108
86
91
93
82
73
83
94
118
87
99
100
85
92
96
88
72
82
80
92
88
92
92
86
81
111
88
94
94
97
74
83
98
72
90
86
93
78
80
91
68
82
104
79
86
82
76
79
78
89
58
82
78
84
87
81
96
63
86
76
72
75
61
71
80
67
76
70
75
72
71
60
63
78
56
65
60
72
78
49
71
60
70
64
83
64
65
59
60
71
69
76
58
59
67
70
72
57
69
49
59
73
51
51
51
59
57
59
49
58
51
62
71
46
47
43
49
58
50
50
41
47
62
59
40
50
62
38
53
45
47
51
51
48
42
45
41
36
41
43
41
36
43
27
43
38
47
44
35
37
35
39
42
44
45
44
46
34
50
41
29
34
33
46
41
47
46
38
37
34
26
24
31
41
29
31
36
26
31
38
28
34
35
34
31
29
32
33
35
37
29
30
30
29
30
24
28
28
27
34
31
31
26
26
23
22
20
31
29
23
27
33
35
33
20
18
31
30
28
18
25
27
20
16
21
20
18
21
18
17
23
20
18
27
13
25
13
16
21
24
14
13
20
20
12
16
14
17
21
16
15
20
20
16
22
14
6
20
22
17
17
14
11
15
9
15
12
6
11
11
12
16
11
18
14
14
10
15
16
17
10
7
19
6
15
10
11
9
9
10
14
7
4
9
10
10
14
9
9
8
12
15
10
2
8
12
3
9
9
12
9
8
6
10
7
7
7
8
8
6
9
4
5
8
6
6
7
8
7
10
5
5
6
11
4
6
6
4
3
15
5
6
13
9
9
10
6
5
3
6
7
11
7
8
1
2
9
1
9
2
7
5
5
1
6
4
3
3
2
5
7
6
7
4
4
5
6
1
2
4
3
5
4
4
4
3
4
1
4
3
2
3
4
5
1
3
1
7
5
3
3
1
5
2
3
5
4
3
4
3
3
0
3
2
4
0
2
4
1
3
2
1
3
4
0
5
1
1
2
2
1
2
1
1
0
0
0
0
0
2
2
3
3
3
2
0
0
0
1
0
0
0
0
0
0
0
1
0
0
2
2
1
1
0
1
2
0
2
0
1
0
3
0
1
0
1
0
1
3
0
2
1
2
2
1
0
1
0
0
0
2
1
1
0
1
0
0
0
0
2
0
0
3
2
0
1
0
1
1
0
0
2
0
1
0
0
1
0
1
1
1
1
0
0
0
1
0
0
1
0
0
0
1
1
0
0
0
0
1
0
1
0
1
1
0
0
0
1
0
0
3
0
1
0
0
0
0
1
0
0
0
1
0
1
0
0
0
0
0
1
0
0
0
1
0
0
0
0
0
1
0
0
0
0
0
0
1
0
0
0
0
0
0
0
0
0
0
0
1
0
0
0
0
0
0
0
0
1
0
0
0
1
0