0
0
0
0
0
0
0
0
0
0
0
0
0
0
0
0
0
0
0
0
0
0
0
0
0
0
0
0
0
27
40
38
32
27
30
35
35
26
40
25
24
20
25
19
27
18
19
23
17
18
20
17
10
5
14
9
10
6
16
7
8
10
12
9
12
12
15
8
6
7
13
9
11
1
5
5
7
8
3
4
6
3
9
7
10
6
6
12
10
5
11
9
5
3
8
4
3
5
4
10
5
7
2
3
5
5
6
2
4
7
2
7
11
6
3
5
14
8
10
15
11
10
7
8
1
5
8
2
9
9
11
12
6
11
11
12
11
10
18
29
26
29
24
35
34
34
24
24
25
26
14
18
12
14
16
11
16
11
19
13
19
14
17
16
13
20
20
12
14
18
17
20
14
15
17
11
10
9
6
12
6
18
14
12
15
13
18
11
24
11
27
24
19
18
21
20
28
23
22
25
18
22
22
21
18
16
12
15
24
20
27
36
38
38
41
44
36
28
37
38
35
24
17
25
25
16
18
15
16
19
12
26
23
21
29
18
14
16
22
18
20
27
24
25
28
23
18
22
26
24
27
32
35
39
39
35
42
34
38
35
37
21
25
26
26
29
28
20
25
29
19
21
16
19
22
20
22
26
21
32
21
18
30
19
19
27
24
33
26
25
29
23
29
23
24
24
25
35
27
25
22
29
34
21
32
31
18
25
22
37
25
31
33
34
23
34
35
31
34
45
56
38
42
39
40
37
50
30
26
42
35
29
26
17
26
25
28
19
26
30
35
29
29
29
37
19
34
37
22
24
34
25
30
24
22
29
36
38
40
31
37
30
32
35
42
34
46
35
17
28
30
18
34
25
26
29
28
30
35
35
33
27
44
47
27
34
40
32
44
32
43
41
36
36
29
39
49
53
34
40
38
33
57
44
43
33
44
44
42
40
31
49
41
37
26
43
33
42
42
32
45
43
34
34
46
52
62
52
52
53
46
46
62
50
55
47
51
45
56
60
62
61
69
61
59
70
61
81
73
71
76
84
89
96
101
80
108
88
117
113
99
146
112
134
179
158
139
167
167
196
210
222
218
211
218
254
234
255
234
242
267
258
259
276
271
316
298
327
377
349
377
410
443
486
565
618
712
889
1064
1440
1915
2551
3438
4481
5935
7490
9523
11438
13647
15276
16824
18186
18556
18154
17432
16006
14117
11960
9761
7912
6176
4808
3541
2762
1996
1566
1230
1053
876
740
684
638
596
557
511
564
536
490
454
455
408
415
332
333
303
294
296
264
282
240
273
212
240
228
229
214
211
220
231
205
223
219
244
267
266
338
317
403
467
616
739
1034
1218
1563
1860
2212
2526
2766
2890
2864
2786
2615
2385
2098
1856
1509
1283
1099
1035
947
881
756
713
628
525
480
412
357
305
275
208
168
191
158
158
139
102
140
152
118
122
115
118
107
102
78
83
92
96
85
76
63
78
81
104
70
80
75
70
65
78
73
77
59
74
63
69
62
54
72
73
76
61
67
61
46
60
51
69
59
64
58
82
67
56
58
62
64
54
56
51
44
67
67
47
71
48
57
44
61
67
52
56
46
51
46
41
45
53
55
49
36
45
52
47
47
36
41
25
42
50
47
39
37
52
47
40
36
35
48
55
51
47
45
47
46
45
36
39
41
33
53
40
43
31
45
51
44
47
38
43
38
37
42
26
40
43
47
34
45
43
45
38
40
32
47
39
42
32
48
35
34
45
41
47
53
42
41
40
30
47
48
37
39
43
37
36
36
35
45
33
31
42
35
40
38
53
37
34
49
47
38
36
28
40
39
42
34
40
50
41
37
45
42
46
34
36
41
41
47
40
38
50
31
41
35
38
40
38
35
30
36
27
32
53
33
44
50
43
46
47
37
46
44
44
45
40
51
32
40
29
50
31
44
54
62
41
45
39
39
45
51
51
44
41
46
44
37
42
39
56
34
48
42
42
50
44
41
42
55
53
40
30
33
46
53
38
45
44
46
33
35
49
42
37
30
45
36
32
37
35
36
31
31
39
32
42
39
36
46
51
45
39
43
52
39
35
39
29
43
33
45
31
47
41
38
43
46
45
41
42
44
32
46
42
36
46
35
31
36
30
34
29
29
51
41
39
43
31
37
35
44
33
29
34
32
32
39
40
33
37
44
26
23
34
44
34
33
33
38
28
36
30
32
34
45
30
29
41
33
31
33
23
29
37
43
27
30
27
35
28
36
33
30
37
39
19
35
28
33
32
26
32
33
35
31
32
27
28
26
29
29
33
27
32
33
33
34
34
33
22
26
29
40
32
21
36
42
33
34
28
27
36
17
28
33
38
33
47
38
38
34
32
27
40
50
57
62
48
71
76
95
105
135
151
148
179
207
194
211
198
207
194
198
190
184
165
147
138
111
93
65
60
55
35
31
26
18
24
19
17
22
11
14
18
13
13
19
9
17
14
17
17
14
15
13
19
13
11
16
13
12
8
8
14
10
10
14
11
14
12
19
11
15
17
10
24
26
27
34
51
38
44
53
62
71
77
66
68
62
57
52
44
52
48
40
34
20
26
17
14
22
12
14
16
14
16
11
8
9
4
8
10
7
5
5
3
4
9
2
2
3
2
2
6
8
5
6
5
6
2
8
2
5
1
7
6
1
4
4
7
3
3
1
5
9
1
4
11
3
6
11
8
10
8
10
10
6
5
9
5
6
1
4
3
6
3
3
1
4
4
5
4
0
1
1
3
2
3
3
5
4
2
3
5
5
3
1
3
1
1
3
3
2
2
4
0
1
3
0
0
2
2
4
1
1
0
3
0
0
1
1
1
4
1
1
1
1
3
2
1
4
1
2
0
1
2
4
1
1
2
2
1
3
2
4
2
1
2
3
1
3
1
2
1
1
1
2
3
3
1
4
1
4
0
3
1
2
1
1
0
1
0
5
2
4
2
1
1
0
3
0
2
2
1
1
2
1
0
5
1
0
2
0
0
3
1
0
2
3
2
3
1
1
0
1
1
4
1
3
2
0
1
3
1
2
0
2
0
0
0
1
2
4
1
1
1
1
0
1
2
1
1
1
2
2
1
2
1
3
0
1
2
0
1
2
1
3
2
1
1
1
3
7
2
2
3
5
4
3
2
3
1
4
4
3
1
1
1
3
4
1
0
0
0
1
3
2
3
3
5
1
3
7
5
5
4
3
5
3
3
4
7
4
3
2
7
2
2
2
1
1
1
0
1
2
1
1
1
1
1
0
1
0
2
3
0
3
1
3
0
1
1
1
0
3
1
0
0
1
0
0
2
0
2
0
1
0
0
1
1
0
1
0
1
0
0
2
1
0
0
0
0
3
1
2
1
2
2
0
0
3
1
0
0
0
0
0
1
3
1
2
0
0
0
0
1
1
1
0
0
0
0
0
0
0
2
1
0
1
1
1
2
1
0
1
1
2
0
0
0
2
0
1
0
1
0
1
0
3
1
0
0
1
2
2
0
0
0
0
2
1
0
1
0
2
1
1
1
1
0
0
2
1
1
4
0
1
4
2
1
1
2
0
4
3
4
2
5
3
3
2
3
0
0
1
3
1
1
3
2
1
1
1
1
1
1
0
2
2
1
0
2
0
1
2
2
2
0
1
1
2
2
2
0
0
0
0
1
1
1
2
0
0
2
0
0
0
0
1
0
1
1
3
0
1
1
3
1
1
3
1
3
2
2
3
1
2
1
1
1
2
1
3
2
1
0
1
1
0
0
0
0
0
0
0
1
0
0
1
2
1
0
0
0
0
1
1
0
0
0
0
0
0
0
0
1
0
0
0
0
0
0
0
1
0
0
0
2
0
0
0
0
0
0
1
1
0
0
1
0
0
0
0
0
0
0
0
2
1
2
0
1
0
0
0
1
0
1
0
0
0
1
1
1
0
0
0
0
0
0
0
2
0
0
0
0
1
1
0
0
0
0
0
0
0
1
2
2
0
0
0
0
0
0
1
0
1
0
0
0
0
0
0
2
1
0
0
0
0
1
0
1
1
0
1
1
0
5
1
0
0
0
0
0
0
0
0
0
0
0
0
1
1
0
0
1
0
0
0
0
0
0
0
1
0
0
0
0
0
1
0
0
0
0
0
1
0
0
0
0
0
0
0
0
0
0
1
0
0
0
0
0
0
1
0
0
0
0
0
0
0
0
1
0
0
0
0
1
1
2
0
0
0
0
0
0
0
0
0
0
0
0
1
0
0
1
0
1
0
0
0
0
0
1
0
0
0
0
0
0
0
1
0
0
0
0
0
0
1
0
0
0
0
1
2
0
0
0
0
0
0
0
0
1
0
0
0
0
0
0
1
0
2
0
0
0
0
0
0
0
0
0
0
0
0
0
0
0
0
0
0
0
0
0
0
1
0
0
0
0
0
0
0
0
1
0
0
0
0
0
0
0
2
0
0
1
0
0
1
0
0
1
0
0
0
0
1
2
0
0
2
0
0
0
0
0
0
0
0
0
0
0
0
1
0
1
0
0
0
0
0
0
0
0
1
0
0
0
0
0
0
0
0
1
1
0
0
0
0
0
1
1
0
0
0
0
0
0
0
0
1
0
0
0
0
0
0
1
0
0
0
0
1
0
2
0
0
0
0
0
0
1
0
0
0
0
0
0
1
0
0
1
1
2
0
0
1
0
0
1
0
0
1
2
0
1
1